0.01 0.6113	0.001000	
5 0.8721	0.001000	
10 1.2276	0.001000	
15 1.705	0.001001
20 2.339	0.001002
25 3.169	0.001003
30 4.246	0.001004
35 5.628	0.001006
40 7.384	0.001008
45 9.593	0.001010
50	12.350	0.001012
55	15.758	0.001015
60	19.941	0.001017
65	25.03	0.001020
70	31.19	0.001023
75	38.58	0.001026
80	47.39	0.001029
85	57.83	0.001032
90	70.14	0.001036
95	84.55	0.001040
100	101.3	0.001044
105	120.8	0.001047
110	143.3	0.001052
115	169.1	0.001056
120	198.5	0.001060
125	232.1	0.001065
130	270.1	0.001070
135	313.0	0.001075
140	361.3	0.001080
145	415.4	0.001085
150	475.9	0.001090
155	543.1	0.001096
160	617.8	0.001102
165	700.5	0.001108
170	791.7	0.001114
175	892.0	0.001121
180	1002.2	0.001127
185	1122.7	0.001134
190	1254.4	0.001141
195 1397.8  0.001149
200 1553.8  0.001156
205	1723.0  0.001164
210	1906.3	0.001173
215	2104.2	0.001181
220	2317.8	0.001190
225	2547.7	0.001199
230	2794.9	0.001209
235	3060.1	0.001219
240	3344.2	0.001229
245	3648.2	0.001240
250	3973.0	0.001251
255	4319.5	0.001263
260	4688.6	0.001276
265	5081.3	0.001289
270	5498.7	0.001302
275	5941.8	0.001317
280	6411.7	0.001332
285	6909.4	0.001348
290	7436.0	0.001366
295	7992.8	0.001384
300	8581.0	0.001404
305	9201.8	0.001425
310	9856.6	0.001447
315	10547	0.001472
320	11274	0.001499
325	12040	0.001528
330	12845	0.001561
335	13694	0.001597
340	14586	0.001638
345	15525	0.001685
350	16514	0.001740
355	17554	0.001807
360	18651	0.001892
365	19807	0.002011
370	21028	0.002213
374.1 22089	0.003155